x=[1 2 3;4 5 6;7 8 9]
y=[4 5 6;1 2 3;2 4 5]
i=eye(3)
f=x^2+y^2+3*i
